# Created by Octave 4.0.0, Thu Jun 29 16:59:01 2017 BRT <postgres@evaristo-X550LA>
# name: medidasR
# type: matrix
# rows: 108
# columns: 7
 0.09090909090909091 0.09090909090909091 0.1 0 0.09090909090909091 0.5454545454545454 0.4545454545454545
 0.4545454545454545 0.1818181818181818 0.2 0 0.3636363636363636 0.6363636363636364 0.3636363636363636
 0.4545454545454545 0.5454545454545454 0.6 0 0.8181818181818182 0.8181818181818182 0.1818181818181818
 0.4545454545454545 0.4545454545454545 0.3 0.2 0.4545454545454545 0.5454545454545454 0.4545454545454545
 0.6363636363636364 0.3636363636363636 0.3 0.1 0.3636363636363636 0.6363636363636364 0.3636363636363636
 0.2727272727272727 0.3636363636363636 0.2 0.2 0.2727272727272727 0.5454545454545454 0.4545454545454545
 0.6363636363636364 0.2727272727272727 0.2 0.1 0.5454545454545454 0.5454545454545454 0.4545454545454545
 0.3636363636363636 0.3636363636363636 0.2 0.2 0.3636363636363636 0.5454545454545454 0.4545454545454545
 0.4545454545454545 0.3636363636363636 0.3 0.1 0.4545454545454545 0.6363636363636364 0.3636363636363636
 0.1818181818181818 0.6363636363636364 0.6 0.1 0.6363636363636364 0.7272727272727273 0.2727272727272727
 0.5454545454545454 0.3636363636363636 0.3 0.1 0.5454545454545454 0.6363636363636364 0.3636363636363636
 0.1818181818181818 0.3636363636363636 0.1 0.3 0.4545454545454545 0.4545454545454545 0.5454545454545454
 0.1818181818181818 0.3636363636363636 0.1 0.3 0.1818181818181818 0.4545454545454545 0.5454545454545454
 0.1818181818181818 0.4545454545454545 0.3 0.2 0.3636363636363636 0.5454545454545454 0.4545454545454545
 0.2727272727272727 0.4545454545454545 0.5 0 0.3636363636363636 0.7272727272727273 0.2727272727272727
 0.6363636363636364 0.6363636363636364 0.7 0 0.9090909090909091 0.8181818181818182 0.1818181818181818
 0.4545454545454545 0.1818181818181818 0.2 0 0.4545454545454545 0.6363636363636364 0.3636363636363636
 0.4545454545454545 0.6363636363636364 0.5 0.2 0.6363636363636364 0.6363636363636364 0.3636363636363636
 0 0.5454545454545454 0.6 0 0.2727272727272727 0.8181818181818182 0.1818181818181818
 0.5454545454545454 0.2727272727272727 0.2 0.1 0.4545454545454545 0.5454545454545454 0.4545454545454545
 0.4545454545454545 0.3636363636363636 0.4 0 0.5454545454545454 0.7272727272727273 0.2727272727272727
 0.4545454545454545 0.2727272727272727 0 0.3 0.5454545454545454 0.3636363636363636 0.6363636363636364
 0.5454545454545454 0.3636363636363636 0.4 0 0.3636363636363636 0.7272727272727273 0.2727272727272727
 0.3636363636363636 0.09090909090909091 0.1 0 0.2727272727272727 0.5454545454545454 0.4545454545454545
 0.3636363636363636 0.2727272727272727 0.1 0.2 0.3636363636363636 0.4545454545454545 0.5454545454545454
 0.2727272727272727 0.2727272727272727 0 0.3 0.4545454545454545 0.3636363636363636 0.6363636363636364
 0.1818181818181818 0.5454545454545454 0.6 0 0.7272727272727273 0.8181818181818182 0.1818181818181818
 0.4545454545454545 0.3636363636363636 0.1 0.3 0.4545454545454545 0.4545454545454545 0.5454545454545454
 0.6363636363636364 0.5454545454545454 0.4 0.2 0.6363636363636364 0.6363636363636364 0.3636363636363636
 0.2727272727272727 0.5454545454545454 0.6 0 0.7272727272727273 0.8181818181818182 0.1818181818181818
 0.1818181818181818 0.5454545454545454 0.6 0 0.6363636363636364 0.8181818181818182 0.1818181818181818
 0.2727272727272727 0.5454545454545454 0.6 0 0.7272727272727273 0.8181818181818182 0.1818181818181818
 0.2727272727272727 0.5454545454545454 0.6 0 0.6363636363636364 0.8181818181818182 0.1818181818181818
 0.09090909090909091 0.5454545454545454 0.6 0 0.7272727272727273 0.8181818181818182 0.1818181818181818
 0.1818181818181818 0.2727272727272727 0.2 0.1 0.2727272727272727 0.5454545454545454 0.4545454545454545
 0.3636363636363636 0.3636363636363636 0.2 0.2 0.3636363636363636 0.5454545454545454 0.4545454545454545
 0.3636363636363636 0.2727272727272727 0.1 0.2 0.3636363636363636 0.4545454545454545 0.5454545454545454
 0.2727272727272727 0.3636363636363636 0.1 0.3 0.3636363636363636 0.4545454545454545 0.5454545454545454
 0.3636363636363636 0.3636363636363636 0.2 0.2 0.5454545454545454 0.5454545454545454 0.4545454545454545
 0.7272727272727273 0.7272727272727273 0.4 0.4 0.7272727272727273 0.5454545454545454 0.4545454545454545
 0.3636363636363636 0.5454545454545454 0.4 0.2 0.5454545454545454 0.6363636363636364 0.3636363636363636
 0.2727272727272727 0.2727272727272727 0.2 0.1 0.1818181818181818 0.5454545454545454 0.4545454545454545
 0.2727272727272727 0.4545454545454545 0.3 0.2 0.3636363636363636 0.5454545454545454 0.4545454545454545
 0.1818181818181818 0.1818181818181818 0.2 0 0.1818181818181818 0.6363636363636364 0.3636363636363636
 0.4545454545454545 0.2727272727272727 0 0.3 0.4545454545454545 0.3636363636363636 0.6363636363636364
 0.3636363636363636 0.2727272727272727 0.2 0.1 0.6363636363636364 0.5454545454545454 0.4545454545454545
 0.3636363636363636 0.3636363636363636 0.2 0.2 0.3636363636363636 0.5454545454545454 0.4545454545454545
 0.5454545454545454 0.3636363636363636 0.1 0.3 0.2727272727272727 0.4545454545454545 0.5454545454545454
 0.5454545454545454 0.4545454545454545 0.2 0.3 0.5454545454545454 0.4545454545454545 0.5454545454545454
 0.2727272727272727 0.3636363636363636 0.2 0.2 0.2727272727272727 0.5454545454545454 0.4545454545454545
 0.5454545454545454 0.1818181818181818 0.2 0 0.7272727272727273 0.6363636363636364 0.3636363636363636
 0.3636363636363636 0.1818181818181818 0.1 0.1 0.3636363636363636 0.5454545454545454 0.4545454545454545
 0.3636363636363636 0.3636363636363636 0.1 0.3 0.3636363636363636 0.4545454545454545 0.5454545454545454
 0.3636363636363636 0.3636363636363636 0.1 0.3 0.3636363636363636 0.4545454545454545 0.5454545454545454
 0.3636363636363636 0.2727272727272727 0.1 0.2 0.1818181818181818 0.4545454545454545 0.5454545454545454
 0.2727272727272727 0.2727272727272727 0 0.3 0.3636363636363636 0.3636363636363636 0.6363636363636364
 0.2727272727272727 0.2727272727272727 0.2 0.1 0.3636363636363636 0.5454545454545454 0.4545454545454545
 0.2727272727272727 0.1818181818181818 0.2 0 0.4545454545454545 0.6363636363636364 0.3636363636363636
 0.2727272727272727 0.4545454545454545 0.4 0.1 0.3636363636363636 0.6363636363636364 0.3636363636363636
 0.3636363636363636 0.1818181818181818 0.2 0 0.4545454545454545 0.6363636363636364 0.3636363636363636
 0.4545454545454545 0.4545454545454545 0.2 0.3 0.3636363636363636 0.4545454545454545 0.5454545454545454
 0.5454545454545454 0.4545454545454545 0.3 0.2 0.5454545454545454 0.5454545454545454 0.4545454545454545
 0.4545454545454545 0.3636363636363636 0.4 0 0.7272727272727273 0.7272727272727273 0.2727272727272727
 0.4545454545454545 0.3636363636363636 0.4 0 0.8181818181818182 0.7272727272727273 0.2727272727272727
 0.4545454545454545 0.2727272727272727 0.2 0.1 0.3636363636363636 0.5454545454545454 0.4545454545454545
 0.3636363636363636 0.4545454545454545 0.3 0.2 0.3636363636363636 0.5454545454545454 0.4545454545454545
 0.1818181818181818 0.1818181818181818 0.2 0 0.3636363636363636 0.6363636363636364 0.3636363636363636
 0.1818181818181818 0.1818181818181818 0.1 0.1 0.1818181818181818 0.5454545454545454 0.4545454545454545
 0.4545454545454545 0.4545454545454545 0.1 0.4 0.5454545454545454 0.3636363636363636 0.6363636363636364
 0.4545454545454545 0.2727272727272727 0.2 0.1 0.7272727272727273 0.5454545454545454 0.4545454545454545
 0.3636363636363636 0.09090909090909091 0.1 0 0.2727272727272727 0.5454545454545454 0.4545454545454545
 0.2727272727272727 0.4545454545454545 0.3 0.2 0.3636363636363636 0.5454545454545454 0.4545454545454545
 0.2727272727272727 0.3636363636363636 0.4 0 0.3636363636363636 0.7272727272727273 0.2727272727272727
 0.4545454545454545 0.5454545454545454 0.3 0.3 0.4545454545454545 0.5454545454545454 0.4545454545454545
 0.2727272727272727 0.1818181818181818 0.1 0.1 0.3636363636363636 0.5454545454545454 0.4545454545454545
 0.4545454545454545 0.4545454545454545 0.3 0.2 0.6363636363636364 0.5454545454545454 0.4545454545454545
